000000000000000000
00000A000000000000
000000000000000000
000000000000000000
000000000000000000
000000000000000000
000000000000000000
000000000000000000
0H000000000A000000
000000000000000000
000000000000000000
000000000000000000
000000000000000000
000000000000000000
000000000000000000
00000A000000000000
000000000000000000
00000000000H000000
000000000000000000
000000000000000000
00000000000A000000
000000000000000000
000000000000000000
000000000000000000
000000000000000000
0000000000H0000000
000000000000000000
000000000000000000
000000000000000000
000000000000000000
000000000000000000
000000000000000000
000000000000000000
000000H00000000000
000000000000000000
000000000000000000
000000000000000000
000000000000000000
0000000000000A0000
000000000000000000
00000000H000000000
000A00000000000000
000000000000000000
