000000000000000000
000000000000000000
000000000000000000
000000000000000000
0000000L0000000000
000000000000000000
00L000000000000000
0000000000L0000000
000000000000000L00
000000000000000000
000000000000000000
000000000000000000
000000000000000000
000000000000000000
000000000000000000
00L00000000L000000
000000000000000000
000000000000000000
000000000000L00000
000000000000000000
0000000000000000L0
000000000000000000
000000000000000000
000000000000000000
000000000000000000
000000000000000000
000000000000000000
000000000000000000
0000000000L0000000
000000000000000000
000000000000000000
000000000000000000
000000000000000000
000000000L00000000
000000000000000000
000000000000000000
000000000000000000
000000000000000000
000000000000000000
0000000L0000000000
00000000000L000000
000000000000000000
000000000000000000
